Options used:
    Number of particles: 100
    Number of iterations: 1000
    Everything else is default


Optimal point:
    [-0.34565270757560795, -1.3941653898985114, -3.624227091130152, -0.5891036379754985, 1.69151429011543,
    -4.4590096787486, -0.34598159619424207, -1.0574631588236267, -0.018326668259815476, 1.3742825544641506,
    6.71665993736041, -0.29997338157100206, 1.4510056474361153, -0.4483202905213442, -0.8942732304652079,
    -0.39530811265826954, 5.369182216771439, -14.233172191488396, 3.5315225194363555, -0.017539574036473795,
    -2.248702777598364, -1.501605037061857, 1.5524940238715368, -0.06792244674268813, -0.5195252538919615,
    3.1513988419371235, -0.7561289766949653, -0.592350414347842, -1.1365887292699248, 1.20674947249453,
    -0.7510471842933785, 0.19699605834429226, -20.350800463147674, 0.49244955219155684, 0.9928346039340233,
    -16.248854094647083, 0.4996582446945744, 0.8151039163167868, 0.7859210536499172, -0.470559693438012,
    10.370147737713042, 0.5039101580850417, -0.4373408620195485, -0.3850206240537223, -1.5351094658812767,
    -2.831260048287564, -2.3661034212677317, -0.8680262400849109, 1.7465452932535788, 1.691542842383083,
    -0.8573269624084504, -1.5764327089146992, 0.3307309930671501, 0.4549608194795598, 0.46829600933742604,
    1.2387047617342861, -0.7508640929607021, 0.564158271946496, -5.0957053347592955, -0.8195892461877174]

Optimal value:
    0.017137661576126027