Default options used

Optimal point:
[-0.26888608064621894, -1.4628666914206887, -1.7217009067205624, 0.49636236771332454, -0.4222737836580628,
0.3120820550058102, -5.702483296961458, -0.9130750338393541, -0.19502325041213822, 11.777123117203109,
1.160360481754404, -1.1247908098087582, -0.7913228650586762, 0.45483229560915417, -0.7181149017601057,
0.21052175321674305, -0.44841732066761975, -0.5336047441622599, 0.07587847365890049, -0.49990427526357295,
0.4881141661850016, 0.035102345210012924, -0.1589665233272134, 2.2290606036260088, 1.454735775352525,
-5.768170117512312, -0.05870141219140733, -0.33339594922995086, -0.26562831072556026, -1.3342632227535058,
0.7751594553086009, -0.2654003276060743, -0.10180676991918387, 0.32969715552398116, -0.7057792738488747,
0.9378123775065963, 0.08316526683925703, -1.1956531729929527, 2.1337014305807602, -0.03815127604310388,
-1.0212269133671155, -0.34671630946509796, -0.8513177063202441, -0.7702267615640769, 1.4060849203753742,
0.05256653076476606, -2.35561998871864, -2.1322650142123956, 1.402989937426634, -1.8305420462785844,
2.1324301912693793, 1.1403499892535744, -2.4721536474461803, 0.16062643428402307, -0.054923649146842196,
0.47743412251691447, -0.2509771592520607, -0.5847379888437231, 0.07615567063820497, -1.2524421113179205]
Optimal value:
0.01620452054324423