Options used:
    Number of particles: 300
    Number of iterations: 500
    Everything else is default

Optimal point:
[-1.7050835452925652, -1.5949111934201763, -8.866515901141296, -1.1128662239163232, -0.3477258791966655,
-1.810908600424163, -0.9963498208601448, -1.2065927457685812, 0.4325061368546039, -1.427330590823266,
0.01585573301870925, 0.8561802077870259, 2.411888155824429, -0.6749670629134011, 0.3183970823661462,
1.3977634459648105, -0.6982176305838431, 0.9651285711904842, 0.0008115192058820009, 7.2383469159735245,
-1.523269370294993, 0.02860648066090239, -0.6606500589039895, 0.9964105709551435, 1.1970064112400822,
-0.8877923029180224, 0.03629486668460373, -1.4170362403315517, -0.7358517256138652, 1.0448905046854917,
-1.0756553378042986, 1.6482285726063375, 2.0544758557272025, -0.028878124509627998, -0.20769047626598752,
-4.721629384890852, -6.096836110485016, -1.1384416020145318, 0.32969394532225405, -3.0265708594095986,
-0.7007168433280778, 1.8353556724860758, 2.7449999709615205, 0.012939964672448815, 0.360695410345246,
-0.8737872652778869, -0.9463371697081822, 0.4379712342716146, -2.4139667699672245, -1.1761545357579253,
-0.40470147087470987, 0.5102071722335672, -1.8867237866463908, 3.6657786017597678, -0.7728169635997062,
-1.8069936885864741, 1.316162785949115, -0.8034236011794882, -1.5014138270531894, 1.1265561054655355]
Optimal value:
0.011235080906411503